lastAccountName: mcsandy
timestamps:
  login: 1573265292782
  logout: 1573265322080
ipAddress: 124.160.215.234
geolocation: China
logoutlocation:
  world: world
  x: -356.82726995355716
  y: 64.0
  z: -11.07499998807907
  yaw: -22.532196
  pitch: 50.999577
afk: false
lastlocation:
  world: world
  x: -296.69999998807907
  y: 32.9337982759635
  z: 41.28503920232644
  yaw: -271.4934
  pitch: 24.149548
