geolocation: China
lastAccountName: Bruce_Lee
timestamps:
  login: 1573233278693
  logout: 1573233252250
ipAddress: 202.96.126.90
logoutlocation:
  world: world
  x: -361.14885695345794
  y: 64.0
  z: -10.184928839582968
  yaw: 357.69263
  pitch: 5.549672
