world: ZY
x: 189.81865429020826
y: 71.0
z: 188.33176471236945
yaw: 64.64999
pitch: 7.200003
name: zy
